# DIV 800
0 452312848583266388373324160190187140051835877600158453279131187530910662656
509636446664001551812283263646218296116216552686 1
1109183987201792397123877912686797649456908114886 1
0 1461501637330902918203684832716283019655932542976
94482241256677223720308674365448432550660581809977780367718865401173155774464 26959946667150639794667015087019630673637144422540572481103610249216
2237028547817558056938419104059768961560136722001437012016648596211147218 105312291668557186697918027683670432318895095400549111254310977536
6021823095802971804758179802048689833304173 605728877151219252097559697725285069
27371668298160845917084718855069849901043167587354075965041519941033 411376139330301510538742295639337626245683966408394965837152256
40000000000 9949442532
3998989770811845137037263000000000000000000 1000000000000000000
115792089237316195423570985008687907853269984665640564039457584007913129639935 14539717850104058675163240311652115
1459066796024954661913177705154950444225194 1226788552187998128078
29093571674616622941572383521005352355209778 1000000000000000000
36984432068218950000000000000000 9269281220105
752848939313830758992948569249009242308 2008246632349695707
66643772307877606443585599204893036001871198 1000000000000000000
74154249760841250000000000000000 8000000000000000000
116144836591129151273677273352147500863720000 400000
32574290062188943651640044231014512 999828825367320621
2416059681121327120852000000000000000000 1000000000000000000
180006625239493660656991226759772393809755820 14176484423664349695634
14626904727624908242032947069553704353737256 2418129350639763035491
1175481557265817826700653064684604908901785 752859940786364326585
0 10000
22516484748396097302770160373824422613614592000 452827168143864342
553131838755161853951243132983568799710226133498823 47037510085256930145071757
54196014179604262035868263682651317451131961992 236643375026606654393128974
115792089237316195423570985008687907853269984665640564039457584007913129639935 3404186502873393162852284332527104842
989838565590000 1000000
115792089237316195423570985008687907853269984665640564039457584007913129639935 14536083556658784822273873572246967
66080453679477803035343105140997364287275008 189000007333250150
14996100372542356933381211000 100
50942633119752846454219349998365661925707662004397281326626190071195179897805 26959946667150639794667015087019630673637144422540572481103610249216
0 1461501637330902918203684832716283019655932542976
2416065933391552465813000000000000000000 1000000000000000000
115792089237316195423570985008687907853269984665640564039457584007913129639935 2
126895742484843553298309376 11264801040624
2165835139950420762815102 1000000000000000000
2023670067445001041667875863129684 44970906426762532153
99 32
417075355222743632943494133819081157003693800 17711249988638383085853
57819341780095947404425241079160047620284000000000000000 1668485963652225992037701042971088685377881476
116515198952321832585467476863935277079180584490709368934510329493458427649 6901746346790563787434755862277025452451108972170386555162524223799296
739722874877849204372822146933822497000000000000000000000000000000000000 817923524521504401673154267372390923648683848100
904395985738210131593734000000000000000000 80500000000000
273424887771542068600 1
66796628663411666020000 1000
96758292345194649677634365068419782236160788588829 46363333084366942879485269070818727342145501460786
0 2
3011711659116286472000707468372116577719877598459476 171433008539253222554574933565267
0 1
0 1461501637330902918203684832716283019655932542976
0 1000
76450787359836037641860180984291677749998296175744860171663392800870107198514 26959946667150639794667015087019630673637144422540572481103610249216
1134972014892877928712953364190483482895670224936 1461501637330902918203684832716283019655932542976
48004954339623417200973877770874154344545586756475821650225434150167554870414 26959946667150639794667015087019630673637144422540572481103610249216
0 1
76450787359836037641860180984291677750270283744678652678864123435282778001634 26959946667150639794667015087019630673637144422540572481103610249216
54131794852690980629642415561375 1
1000000000000000000000000000000000000 1000000000000000000
337017512777257622341743844946706020077972320000 40845904720315982030000
0 1000
1370510223570000000 1370510223570
417223780715013227085836490829281552150151464294 1461501637330902918203684832716283019655932542976
1281 65536
1625895849243321034655099540021233152295 18446744073709551616
0 499943054267710886
1000 1000
674999999999568000000 131165896034539
180769532060132598024731913137818884185797452361 425170003716316513645981
26299075449375777422310760000 40000
115792089237316195423570985008687907853269984665640564039457584007913129639935 2
190021649607888000 10000
43575684774374940600903579121289012558208900 212627569750473955545
8900141543461647746796514 2
0 200000000
123288720062510150174694286197737550352629917 44087792106974761679
1654933932570072545111318142274398816 428941748965239516200869
3257273766526647258064229000000000000000000 127097716838299812589538
1074812560010307412880 1000000000000
8377961617389363273733078852802642560 190642386276641024237386
9811233733553384418905112000000000000000000 9771800148976277115455580
19419438530348963064752532345624267526864944 1166501880234369469848768341352
0 1766847064778384329583297500742918515827483896875618958121606201292619776
0 1461501637330902918203684832716283019655932542976
70142823711177136797642000000000000000000 70142823711177136797642
121542617489767020964011053254275754791258 183786257533584363
41571457213868 4
297777134472976199754066 3
159505004827758859304774328208437548188203812000000000000000000 18517880762155589051139916152016
999393873376388609227886372493627853311145114450061676 999696890750585764383295912
0 10000
0 1
10000000000 10000
2596478854395551362277803812393090564920167 819310850557625543
1534763143696721382994176 2000000000000000000
0 1461501637330902918203684832716283019655932542976
1580388180156327071371560944059555899249400 1401289124626573260256621
13479726686478513718144122592065608540440274686082653735366 340282366920938463463374607431768211456
1151829668070808704708654872499603 1580388180156327071371560
95 32
681966615256221355135169785441 1000000000000000000
191 32
113974810021576840671434574733836127791579158890929085653568772090812660973568 49122131642127670103102026230845905
932869674377813709877703177916517599883982171692 1
13842451 4
8630000000000000000000000000000000000000000000000000000000 1000000000000000000000000000000000000000000000000000000
25566520236095590903125083383207824796314097443405824 70846040256619607698
241147359044730676682490447864729541666336143 18044300318178967091764
171930480601648441529655347612387115008 9514022745375911
650185515897459887816684110000 990000
1497183641367297592343618085999820080206050557427712 340282366920938463463374607431768211456
115792089237316195423570985008687907853269984665640564039457584007913129634585 10000
11671639983778275266324537887005263454 30339946099614663
0 1461501637330902918203684832716283019655932542976
76450787359836037641860180984291677750250305224320351862336377058476807187204 26959946667150639794667015087019630673637144422540572481103610249216
33523200 388
62155123 100000
67 32
115543548 86400
86400 1
40953600 474
62155101 100000
86400000 1000
8640000 100
33523200 388
62155022 1
8640000 100
57896044618658097711785492504343953926634992332820282019728792003956564819967 51000000000000000000
33523200 388
235392 86400
86400000 1000
2438822700000000000000000000 24388227000000000000000000
2438822791 25142503
0 1461501637330902918203684832716283019655932542976
89730976299691838075000 1000
1999953169971150902000000000000000000 35224182253547
3063956693307499853251067346708686934885001 995265749606160421
3078536453950249201837870 100000000000000
18221682877180200 5521722083994
37037328523320548875747004742000000000000000000000000000000000000 11115125507911753651884009324947390193318976
9192096707939457919494257000000000000000000 1000000000000000000
740937685451303034021527265451388382361104640000 1707629
60624304679927082371300719961060471673150 1000000000000000000
452354528239564636596721950364459813359289376179480630936985175880773189999 4294967296
1978517462743755254461258000000000000000000 1000000000000000000
16545176996146130439171308068278316588321297050 2
658131412564997963047593000000000000000000 1000000000000000000
0 10000
417223780715013227085836490829281552150151464294 1461501637330902918203684832716283019655932542976
1156568573325580771017624519488427073416943104 79228162514264337593543950336
56572843379772407210085090000 1885761445992413573669503
0 1
0 10000
0 1000
76450787359836037641860180984291677750083758189926580828317928676500705934874 26959946667150639794667015087019630673637144422540572481103610249216
1134972014892877928712953364190483482895670224936 1461501637330902918203684832716283019655932542976
1062326184801497362082000000 100
0 1
1203808738735167250700331950388125464920333205519549996223068 340282366920938463463374607431768211456
79992000000000000000000 1000000
20188629835235692159687032939330044420339692018 50358009016000000000000
76450787359836037641860180984291677750109417663088314158612008684137610245694 26959946667150639794667015087019630673637144422540572481103610249216
50942633119752846454219349998365661925652554801643694726091147574290806421251 26959946667150639794667015087019630673637144422540572481103610249216
16156842317565293874272834530371880721269307165436876540667710805191884297776 26959946667150639794667015087019630673637144422540572481103610249216
76450787359836037641860180984291677750117380614299354476759006201884202516373 26959946667150639794667015087019630673637144422540572481103610249216
76235322529937808847952755825237232618969602704 79228162514264337593543950336
417223780715013227085836490829281552150151464294 1461501637330902918203684832716283019655932542976
0 1
0 10000000
24220827368 84232
282938749470563898701906143667346146788483795216 79228162514264337593543950336
0 3
0 3
2141181294701097 3
0 10000
22499719528037782989651831488934796667128615484047702955654562814027996929 256
32883739497636 204821857
16156842317565293874272834530371880721047141289546541545101627428465978300168 26959946667150639794667015087019630673637144422540572481103610249216
0 1461501637330902918203684832716283019655932542976
0 10000
417223780715013227085836490829281552150151464294 1461501637330902918203684832716283019655932542976
76450787359836037641860180984291677750321179563330811173187214966883757130367 26959946667150639794667015087019630673637144422540572481103610249216
2415756994395924 2
0 340282366920938463463374607431768211456
6034388963309625811555088290276866503478492511668224 2048
0 100
76450787359836037641860180984291677750055237840268343438246848897265976215756 26959946667150639794667015087019630673637144422540572481103610249216
0 10000
0 1
0 1461501637330902918203684832716283019655932542976
0 10000
0 1000
76450787359836037641860180984291677750035108504343868642184700780448002393308 26959946667150639794667015087019630673637144422540572481103610249216
1134972014892877928712953364190483482895670224936 1461501637330902918203684832716283019655932542976
0 1
0 0
0 1
76450787359836037641860180984291677750039417278906870339889667220740980847834 26959946667150639794667015087019630673637144422540572481103610249216
0 367503425724777660942
417223780715013227085836490829281552150151464294 1461501637330902918203684832716283019655932542976
417223780715013227085836490829281552150151464294 1461501637330902918203684832716283019655932542976
2237028547817603639487131200564316402918946953637455759623332223262252653 1461501637330902918203684832716283019655932542976
50942633119752846454219349998365661925661312081688845714612921311223884572790 26959946667150639794667015087019630673637144422540572481103610249216
100135927934651036221761091863598459016354379546544648165254305005383255961481 26959946667150639794667015087019630673637144422540572481103610249216
50942633119752846454219349998365661925711631596617321571755670952899845415440 26959946667150639794667015087019630673637144422540572481103610249216
5506577881350527600836894178514192139696567844 39101539359796927
417223780715013227085836490829281552150151464294 1461501637330902918203684832716283019655932542976
0 1
0 100
0 1000
22154441650658625721468672576359056 1461501637330902918203684832716283019655932542976
2169941123341932542336731000000000000000000 1000000000000000000
804279219475043729031012072768564 1607573832665947297
4633741093928767314416384348753648398586960 72500000000000
11656998844057419218243947043529566281936436110417 2170100625272202724096633
1084960357437333140144506309266170540708652 1010110796402142228
115792089237316195423570985008687907853269984665640564039457584007913129639932 4
48022958839046460409843928688148979589144456523475141423481927728734004586614 5192296858534827628530496329220096
924933908096067253956879393175693229080331073 21795268919148829466051
295259036659319862230534556135433881040489950394120 95780971304118053647396689196894323976171195136475136
50942633119752846454219349998365661925790709863432966926585179539943511370095 26959946667150639794667015087019630673637144422540572481103610249216
0 1461501637330902918203684832716283019655932542976
0 1
16156842317565293874272834530371880721085063404691819870825667524612006582684 26959946667150639794667015087019630673637144422540572481103610249216
3828176627860557713962964333607392378880000 4124590045308236361334
2591280165348611392204800 31536000
0 1
0 1461501637330902918203684832716283019655932542976
0 10000
417223780715013227085836490829281552150151464294 1461501637330902918203684832716283019655932542976
76450787359836037641860180984291677750196533471807574284489288786579312644671 26959946667150639794667015087019630673637144422540572481103610249216
0 22600000
26638680763102109989716329037548600268456687763672939238848374800709799127164 2
2236171187368971897746445745185946705189772574198153892892532285901288934 6901746346790563787434755862277025452451108972170386555162524223799296
115792089237316195423570985008687907853269984665640564039457584007913129639935 26841120000000000
928362237599471521582270539800094500790000000 10642545673790400000000
0 1461501637330902918203684832716283019655932542976
18 2
0 10000
100135927934651036221761091863598459016280340093518806505733968946410507326439 26959946667150639794667015087019630673637144422540572481103610249216
0 1
0 1461501637330902918203684832716283019655932542976
47984155204853663676539761119936096942920868237195 6755481563146887260038807302548
48028059121756951967880277574160708240872016997852424386203303200815048986989 26959946667150639794667015087019630673637144422540572481103610249216
0 1
0 10000
76450787359836037641860180984291677750134560892069595298316158716000879537572 26959946667150639794667015087019630673637144422540572481103610249216
0 782020
0 1461501637330902918203684832716283019655932542976
0 1
8166776806102523123120990578362437074944 346361404979801110
160008852257180438972015884000000 100
30403 32
4378853226600806869317171074579969876215874877179837 20282409603651670423947251286016
0 1461501637330902918203684832716283019655932542976
417223780715013227085836490829281552150151464294 1461501637330902918203684832716283019655932542976
1134972014892877928712953364190483482895670224936 1461501637330902918203684832716283019655932542976
1755303631370889876277775000000000000000000 1688306493534310029362940
3084573112011218293358072382775969828151744 145000000000000
509878948136656589438539000000000000000000 1040880375079182915072984
1040810783614919590628760962551511971758360 145000000000002
48028107002622232827416557271652378684931129153252869332036016450653127996161 26959946667150639794667015087019630673637144422540572481103610249216
0 13580000
48028094708886552606724885530780773541008663004429033190650213951433904794151 5192296858534827628530496329220096
0 1
115792089237316195423570985008687907853269984665640564039457584007913129639935 26308807139599897941397248057159830224
0 1
0 1461501637330902918203684832716283019655932542976
0 10000
2470833090693417894852368945337914088419741300916105413041678368065251928 1606938044258990275541962092341162602522202993782792835301376
3645036420856432294575 665760076868754757
10887092991031104775066514810261325022109385676800 1000000
8404510600000000000000000 10000
33572201231501180086034525125345547646043563804555336822386441559639087721884 26959946667150639794667015087019630673637144422540572481103610249216
3301108518792892417000000000000000000 3301108518792892417
115792089237316195423570985008687907853269984665640564039457584007913129639935 14437578410698875813073811082861675
1422088695105096799888512 2
285097259448707063575681657222826693165476 158540571676776910548
50000000000000000 41847811477
6277101782154733182925013224033150432386383808542959767119 1461501637330902918203684832716283019655932542976
40 8
2102929340069547344809 1208925819614629174706176
3740 935
0 2
417223780715013227085836490829281552150151464294 1461501637330902918203684832716283019655932542976
1134972014892877928712953364190483482895670224936 1461501637330902918203684832716283019655932542976
76450787359836037641860180984291677750186443676578511186872868521291948688457 26959946667150639794667015087019630673637144422540572481103610249216
57039883672130579086347754753401163584770788 394759976824931443828
1134972014892877928712953364190483482895670224936 1461501637330902918203684832716283019655932542976
1387695303203677872202 1079503925622488381509
50942633119752846454219349998365661925932751582933364981875583573589709687330 26959946667150639794667015087019630673637144422540572481103610249216
193231564972522154596358337971743903879943608505620057 340282366920938463463374607431768211456
2236171187368971824187805600906948931876986959892292589719308149679912915 1606938044258990275541962092341162602522202993782792835301376
0 2000
0 1461501637330902918203684832716283019655932542976
1134972014892877928712953364190483482895670224936 1461501637330902918203684832716283019655932542976
0 2
76450787359836037641860180984291677750219229547325710103056366403250536483621 26959946667150639794667015087019630673637144422540572481103610249216
36 2
115792089237316195423570985008687907853269984665640564039457584007913129639920 16
0 1461501637330902918203684832716283019655932542976
0 10000
417223780715013227085836490829281552150151464294 1461501637330902918203684832716283019655932542976
76450787359836037641860180984291677750176728583257418479726178792097064195643 26959946667150639794667015087019630673637144422540572481103610249216
1134972014892877928712953364190483482895670224936 1461501637330902918203684832716283019655932542976
94482241256677223720308674365448432550660581809977780367718865401173155774464 26959946667150639794667015087019630673637144422540572481103610249216
1785993556847716058040 178778133818590196
76450787359836037641860180984291677750242288540413986553518125081394097247240 26959946667150639794667015087019630673637144422540572481103610249216
0 1461501637330902918203684832716283019655932542976
2470827824998487588975891586897867201135833862539366860946629826666373820 1606938044258990275541962092341162602522202993782792835301376
115792089237316195423570985008687907853269984665640564039457584007913129639935 2691282236143797068561836109959884669
0 175943272077
500000000000558400000000000 100000000
38 32
8594556939085808906 281474976710656
46882712481030181648321240922965790854626534390824967 65536
0 16000000
0 1879128729
2678047340303529617879712264088904279123360 1
8046050164707367938788662000000000000000000 11809167828997
219130956712800 1000000
48038382948054097296678208903104754246819014657590702568482242521251621679385 26959946667150639794667015087019630673637144422540572481103610249216
0 1
0 1461501637330902918203684832716283019655932542976
0 1000
417223780715013227085836490829281552150151464294 1461501637330902918203684832716283019655932542976
76450787359836037641860180984291677750285945172812930388110111976164044538325 26959946667150639794667015087019630673637144422540572481103610249216
26948802785956512543617795365112526255225409 3267718036861164830951486
0 1461501637330902918203684832716283019655932542976
0 1
101937771205719214421488022936130472100297264 7265922517523946450223080
1781840423 604800
176188560308132337504000 1000000
2626540709141596916078814000000000000000000 1000000000000000000
2470825297464920442566175466565770513107451438802694751888531993448586784 105312291668557186697918027683670432318895095400549111254310977536
468187040691173355646911881915759523014085 79291672049279093807276
143565583631278894788992113174332613715843871047560185697156464640 6277101735386680763835789423207666416102355444464034512896
196926926070821100000 1000000000
0 1461501637330902918203684832716283019655932542976
0 10000
417223780715013227085836490829281552150151464294 1461501637330902918203684832716283019655932542976
76450787359836037641860180984291677750292081934490647698710586770146375807286 26959946667150639794667015087019630673637144422540572481103610249216
76450787359836037641860180984291677750033493791641363353663986657213469452406 26959946667150639794667015087019630673637144422540572481103610249216
6277101782154733182925013224033150432386383808542959767119 6277101735386680763835789423207666416102355444464034512896
0 10000
0 10000
417223780715013227085836490829281552150151464294 1461501637330902918203684832716283019655932542976
0 1
0 105312291668557186697918027683670432318895095400549111254310977536
0 1461501637330902918203684832716283019655932542976
76450787359836037641860180984291677750214655272257355632823611848107778511360 26959946667150639794667015087019630673637144422540572481103610249216
2624924791922000000000000000000000000000000 7898177809845811608161948
0 1
105313898630826478387673711112272859205099696879685316437727506290 1461501637330902918203684832716283019655932542976
0 3
2237028547817575809367584396934846821189264235344610714866185672931332005 1461501637330902918203684832716283019655932542976
1725740523663081848546598193126885694860 1727193634446790505710
3152628991027402938000 1000
1766847170092282960300771250297941564849039472408790612839916760239588261 24519928653854221733733552434404946937899825954937634816
5905572149700812593350996967464714113319859971491364864 2570548349930642654916674
2679263042431977304241590221917599328509588611126 277164316330693384720791
3233800257427547471539571000000000000000000 3233800257427547471539571
5999956622857892076000000000000000000 6000000000000000000
9666728420671917838419592000000000000000000 1000000000000000000
17720191226016100982427644114256822454405927 11809167828997
91303608244407067462542000000000000000000 1000000000000000000
103431463375620486255332978295263700 233781544848903789955
2527121547294347927932036048411769242322934952783 9519259545234835903294307
11722608472085957000000000000000000 108270995525514389
258219744385984203291060584484957660940680 86073248128661401097020194828319220313560
258811201497211834754993000000000000000000 1000000000000000000
277858226302607708022738017866838228549376 258447956183836794409387
21355882473486054179851676438644299156352 1000000000000000000
25966977875687701493102967960457980273975000000 25966977882825000000
8401697758112223346879047483885317788813188 3697202629877337418718369676
169084651485823752765787027495173589090 133820441194113845530
3488673714798253341417217599665208 21371884511482571676
4478908483139980303249036152594723669931423858 1000000000000000000
20997090041864219131076042354028959418 258628121669870026446411
0 1461501637330902918203684832716283019655932542976
2792326041165921585236137798308133809291 79228162514264337593543950336
0 24519928653854221733733552434404946937899825954937634816
1329227995784915872903807060280344576 1208925819614629174706176
1210820551458148520727465 56539106072908298546665520023773392506479484700019806659891398441363832832
6846681776003009740800 6227020800
512 2
17179869184 2
44332308831928320 40320
181591414499995086 20282409603651670423947251286016
1999825239453979926000000000000000000 2000000000000000000
3220408293255220570981610572317741666528878 1014149281328777774
1076073105079723487026198227089538431860 16778871996473196535757
1623729609369620275610272775391340367646 1000000000000000000
9661361146138238040131568000000000000000000 1000000000000000000
11000000000000000000 11
16335081607636499261671967175394378488724969843688800303320957638871714103296 1895567868642590071942463205
22389808887238944574701271689179066778 79228162514264337593543950336
275312053122526976855834541421481703404698762753152 819381110483711240642364706611552688704460603432
115792089237316195423570985008687907853269984665640564039457584007913129639935 0
4511239396 4294967296
469394893530465426483133468298825456098291033472855980226242433667151937 105312291668557186697918027683670432318895095400549111254310977536
87112285931760246646623899502532662132736 2
1210169330050045296824746 13164036458569648337239753460458804039861886925068638906788872192
30482527865891932524211674808320 1000000000000000000
3048149707760243997482896 1099511627776
1367254183000822950502800954396420 2459485942088098
34359738368 2
3269226083616739078771677199132417400 1812859724505490969
76450787359836037641860180984291677750257416408177010797043949466795704582772 26959946667150639794667015087019630673637144422540572481103610249216
102926067167752517987107121053565776739577096889456366881974888507563550146198 2
76450787359836037641860180984291677750094672948623486929262411356543516363143 26959946667150639794667015087019630673637144422540572481103610249216
1781740800 2946
2237028547817685462488182441631304646352869043723145190047309325908700795 1766847064778384329583297500742918515827483896875618958121606201292619776
2355734080200595569438055430800087105275075596451293621625987006464 131107956246861883700245
835 32
18357538575122341540349280778 1208925819614629174706176
3031192293433812287450187488056228772055089152 30858274900725832056175
50942633119752846454219349998365661925880217233220975810692391389176022440412 26959946667150639794667015087019630673637144422540572481103610249216
6582018229284824168619876730229402019930943462534319453394436096 5444517870735015415413993718908291383296
1209565347338913882588882 1684996666696914987166688442938726917102321526408785780068975640576
5040 7
40954436488074887168 1099511627776
436511511746256377766736739964267981598593255358 1
11539059435466831953920000 10000
48110330236759533604573282304 104383927317109866
417653241353031712611512502258550809922327996143528327478509568 411376139330301510538742295639337626245683966408394965837152256
12637667834557313778544226641506281722175154822769503928440931048317 105312291668557186697918027683670432318895095400549111254310977536
1999723672171214640784966275159654484 999943283671980906
2411685216865465710926353633980364687373195838 5795175689849829817184
2236184772861894920383279504485524023803214213997961174909005110633646624 1461501637330902918203684832716283019655932542976
2237028547817685487008109633983889049183503203429272957656771538192677481 6901746346790563787434755862277025452451108972170386555162524223799296
3278994956388845058160336352563667362640400 1810799535119457958980
37037328523431981100685148401000000000000000000000000000000000000 11111170112300098133563122149538889053029376
76450787359836037641860180984291677750202610694969692937009109966908403690959 26959946667150639794667015087019630673637144422540572481103610249216
1103497434534767255928997263610280362 1033740771731678691
1 1
115792089237316195423570985008687907853269984665640564039457584007913129639935 563096998808533049694961101337391
27657941802840906837818208786 79228162514264337593543950336
17039685513176957450015805124444526800710471098688 370685996649019797768506847
1534086688489363040260724400000 100
176538093190184157989449963743286975 5192296858534827628530496329220096
1765392341675072660118266787085475083275 1000000000000000000
730926524146175819519328656763438118207488 31480954942936294128944
1151563527784167674468030463678354835201639175208 1
27042567398980405431610923542511221492508865613980388590754137663201 411376139330301510538742295639337626245683966408394965837152256
498187541000000000249217353 498434706
16470412711948435042482 3
38670888163332300000000000000000000000000000000000000 114355247405930904742654054072059241
66511532497820619143761874938776858475106000000000000 2611614245150996546956473
413221274281549081873882096593743299657657749691565274180172870571548090113 256
76450787359836037641860180984291677750132181082181980189216352035186678517246 26959946667150639794667015087019630673637144422540572481103610249216
10001806315529396592493 3
486287641489794389449555555 1462489991983655
2236184772861891953468811081650278066050941422915983393006842383078156311 1461501637330902918203684832716283019655932542976
50942633119752846454219349998365661925608737367104309813535282012840550468910 26959946667150639794667015087019630673637144422540572481103610249216
452312848583266388373324205700641791232787602720146141069138434912836683207 309485009821345068724781056
1131098587645199452552257195103197534879744 3054553135411423006103850
16156842317565293874272834530371880720978412436605832399888166236573453624806 26959946667150639794667015087019630673637144422540572481103610249216
2470825297464920466906899174155388923719621965787243721138668136163371736 1606938044258990275541962092341162602522202993782792835301376
348266293233856030636558313026168201808 5429401685564284
677689951212251221511806292941913889889632676793695 52064957551591309119819815
192562243606894976407308 3
50942633119752846454219349998365661925726193702612106815396676924670565048409 26959946667150639794667015087019630673637144422540572481103610249216
1134972014892877928712953364190483482895670224936 1461501637330902918203684832716283019655932542976
0 1461501637330902918203684832716283019655932542976
697323163401596485410334513241460920685086001293 1
1037358002551544578849176848970822918909327148 79228162514264337593543950336
76450787359836037641860180984291677750071021113492279899031588951238581198100 26959946667150639794667015087019630673637144422540572481103610249216
7303157162381452310971428974228499581287757385899812632784300853733298108316 4
2236197410529724917670905899282804617611971094673653986670898108312948069 24519928653854221733733552434404946937899825954937634816
408 136
780589379335434860553655661057758130521098910 47877676924873725331568227969502565
931355031920910639043219906693000 1000000
408365829651062120039039601221823936836568444430637320902216253440 3329570881746708732860468
124217240255898787259505454441961379724270451540601885000 1000000
48046088855690075688686536317088850372344738281812903514124121858714720220486 26959946667150639794667015087019630673637144422540572481103610249216
601419137643503345 1
79150838627669505501004148334843609774759232867972681166565190705298027361677 1
69560223682344086587500 1000000
417223780715013227085836490829281552150151464294 1461501637330902918203684832716283019655932542976
1134972014892877928712953364190483482895670224936 1461501637330902918203684832716283019655932542976
11828130221863483018581116426 281474976710656
0 250
0 1461501637330902918203684832716283019655932542976
116799784289025 256
0 1
763950388562860146731870769237396158891917895635 1
76450787359836037641860180984291677750150231061855174272040696010451014609073 26959946667150639794667015087019630673637144422540572481103610249216
492483537053119963152651580566946656640 1000000000000000000
192889710437441689638074655259099596 1000000000000000000
5999969028298774716000000000000000000 6461950204215
11222292703275279483813256615800 100
0 811601849
12367249741333023724 2
24306723453167205111998687090842660356667473920 22190777970840561378242
25751279606070139433671185285831643831902066505101295686099053443838824677376 79228162514264337593543950336
67757756560699351947484213089439446815270483621875672565959971458917512782827 1
115792089237316195423570985008687907853269984665640564039457584007913129639935 13653381387171710589694463206613323
2039760638284663680607844000000000000000000 1300000000000
196542927206839500000000000000000000 196737635839165441
355247505908482500204092551729 596026430545225
50942633119752846454219349998365661925820042615463825135373635518164177471870 26959946667150639794667015087019630673637144422540572481103610249216
25216664089839685790878248 10000000000
2470832880065620681602558981887540820511101442541616609948072623632922628 105312291668557186697918027683670432318895095400549111254310977536
60000000000000000000 62324
278698372726809000000000000000000 326815392809044
498879714916506000 83146619152751
115792089237316195423570985008687907853269984665640564039457584007913129639935 1176119899823211514198923324
0 10000
76450787359836037641860180984291677750129747527638973191826642774118583369806 26959946667150639794667015087019630673637144422540572481103610249216
76450787359836037641860180984291677750165461618413995670831644528533468410256 26959946667150639794667015087019630673637144422540572481103610249216
115792089237316195423570985008687907853269984665640564039457584007913129639935 13708786932058429169263545736378242
2981778301815732705416100 100
7763345085938963820893420077585799815902000000000000000000 88109846713603582364468293540
5063027285593355029764019795844902403328 14297758213520627171
2981799395736802943570300 14916455206287158297
4557529844291460965934000000000000000000 4557529844291460965934
674569605351152389611823891138849981 1061025299643823295
5741273539650146415858344196611807301145266228390550767 340282366920938463463374607431768211456
11564123575376888675567724772685404305000 100
88778997578442385314443198436898193792396802090 499600184935464
449128587284796433729240034846346073782900 14916372078374554515
0 474400000
25183616599332000 997000
2990453101850481775000000 14952265509252408875
0 1461501637330902918203684832716283019655932542976
2990634287163911440400000 100
2236186879139864943693858303385252605946389400723604383989812612397077487 24519928653854221733733552434404946937899825954937634816
998792110744609506000000000000000000 999395872887520736
58108342024701945150021472826508849082 14279241399967126053
273750322692994320026653800 100
379909576720262363441124946510694550 641230874150440717
1422567756557519085847867658894105138299944 28908845761372268
729949109817888650227387790836450614276 999767753210014132
4695900 10000
38194848265334858011730199735 960078311364847621977
381429698832103463281 4
12448162722118843096585622897385451733851086 79228162514264337593543950336
47088024062080263521260421848227663862302294 11433393988636031501895
17700113199966801477403717573984873407085750 6858846388357181054675
2066279267042812995908337318191627926068715260576224247808 1000000000000000000
0 1461501637330902918203684832716283019655932542976
5462256615657217817976301233360540789086 14916573865059810886
50942633119752846454219349998365661925651492688017399293679446105911953366011 26959946667150639794667015087019630673637144422540572481103610249216
131973047662665503000000 100
76450787359836037641860180984291677750279401342465037973562276818726001298290 26959946667150639794667015087019630673637144422540572481103610249216
70797440064182522809366743035244079880740580 6858846440014386523780
5403761936646031792119020059275826161684 14341937414527150943
70793422949121993938244320226819000381846189 6858846491671567860789
286637303817809515869 95545767939269838623
98114188281181708 340282366920938463463374607431768211456
30761598364456311458927177902066 1000000000000000000
231845086342060243688896798311155959 80248749790819932309965073893
159709479279400000000 1000000
0 1863947309495822
0 10000
3231652775272 999992
4238056678808933066457772256406219440975619910308182291405348054766270233306 26959946667150639794667015087019630673637144422540572481103610249216
115792089237316195423570985008687907853269984665640564039457584007913129634935 1000
6318069849017871157681000000000000000000 6318069849017871157681
3027726412396626634196804000000000000000000 9120906816492481134675417
1139587159159817368438329263601844971298495686320611489214794829693194338304 49023745553570216599069066190318775
24486378285285632252372392900025640258488 10988063326136149016662
9120802002740472676327082441840933872701504 3040444107355474997153922
2935176714102134475052358485618648174268 2026868224855564423005847
1212721259017840165887828278549223684299609688756 9120935367712091990201609
50942633119752846454219349998365661925915786673307069252354729774134125402791 26959946667150639794667015087019630673637144422540572481103610249216
0 1
87792850665634998797309229172534923305455 340282366920938463463374607431768211456
0 1461501637330902918203684832716283019655932542976
1459050473554285153446099217455079518708736 1207911616615340426144
151731059298449895461726899200355066000000000000000000000000000000000000 284478637910286643057834420831578993880802443321
155357206167398238452569800000 1553572061673982384525698
3063568926798465356004805000000000000000000 1000000000000000000
279715090870642433289993649617212841 231569283757907
1761150779547895743078260457000000000000000000000000000000000000 1458358709220675933851421749240764089734404
533365650357912384653341000000000000000000 1000000000000000000
9157310679149725002050689586064000000000000 9120818096784626802443672
14194610431083577548668662332326790728924013 1674917940385339266
91208023104035667066390923802351731103301060000 9120802310403566706639092380235173110330106
0 8000
489649630492080216420874139981868 4
48056393917864340622246579133273245560689950690286937412123604217499960479348 5192296858534827628530496329220096
1134972014892877928712953364190483482895670224936 1461501637330902918203684832716283019655932542976
1165084660000000000000000000 1165084660
50942633119752846454219349998365661925812073147488108497163438614802177324677 26959946667150639794667015087019630673637144422540572481103610249216
1134972014892877928712953364190483482895670224936 1461501637330902918203684832716283019655932542976
87429231513962457029562000000000000000000 87429231513962457029562
1494600883622171742737193318100 100
1999643699476098136000000000000000000 323150261950933
160236865640568702770717080939358392696245 160265446107801728960302
163156734188172412176378000000000000000000 145000000000000
3994841417448130972000000000000000000 1434645637967258
339440789050911333661422984722862073973926796046 163156734188172412176378
403894908997541677552677581777886227976005395064 2357900183531857051103952
7438868727520445339488706035049101946813125 7532265683016993650512555919
762638422241770263413093519996965355692924 998730822674409522
74609289949820066751152306576768293419008485255198740 14980625486249695844157298530
2236186879139864183196371908525810282056946538997190486712765717745119433 6901746346790563787434755862277025452451108972170386555162524223799296
48056394241383700627509594084005395426542806698155391073838052363005350226728 26959946667150639794667015087019630673637144422540572481103610249216
48056383888764180441664051349456405657290601449329828211074419212015717812175 26959946667150639794667015087019630673637144422540572481103610249216
76450787359836037641860180984291677750150172060066206197932080887526699277592 26959946667150639794667015087019630673637144422540572481103610249216
2236186879139864183196376293030722274765701150051688662846546095774541347 6901746346790563787434755862277025452451108972170386555162524223799296
694842146343908729258092853541802051985417061991757 22689123378263417753815983786227749
36288000 420
67 32
0 3
156309721547076698003849302519498932224000000000000000000 156309721547076698003849302519498932224
0 3
417223780715013227085836490829281552150151464294 1461501637330902918203684832716283019655932542976
2236171187368972044865111537296131947781800896031452235466002913940209664 105312291668557186697918027683670432318895095400549111254310977536
1142014204005531199641383301243725227434555327725 1461501637330902918203684832716283019655932542976
63258762 1
86400000 1000
0 37000000
1461501637330902918203684832716283019655932542976 1461501637330902918203684832716283019655932542976
1877266379880 100
6140641675521985332644142274333641066346963988 340282366920938463463374607431768211456
0 1
0 1461501637330902918203684832716283019655932542976
0 10000
0 100
76450787359836037641860180984291677750162616544441489868636763128518319848734 26959946667150639794667015087019630673637144422540572481103610249216
1134972014892877928712953364190483482895670224936 1461501637330902918203684832716283019655932542976
0 2
6277101782154733182925013224033150432386383808542959767119 6277101735386680763835789423207666416102355444464034512896
14 2
1134972014892877928712953364190483482895670224936 1461501637330902918203684832716283019655932542976
0 1
0 1461501637330902918203684832716283019655932542976
0 10000
0 207
76450787359836037641860180984291677750071997842107724177991962770915331409527 26959946667150639794667015087019630673637144422540572481103610249216
76450787359836037641860180984291677750279499938987546505485743621499612499574 26959946667150639794667015087019630673637144422540572481103610249216
1134972014892877928712953364190483482895670224936 1461501637330902918203684832716283019655932542976
115792089237316195423570985008687907853269984665640564039457584007913129639920 16
0 1
0 1461501637330902918203684832716283019655932542976
0 100
417223780715013227085836490829281552150151464294 1461501637330902918203684832716283019655932542976
76450787359836037641860180984291677750256627018799930693423257070014122099361 26959946667150639794667015087019630673637144422540572481103610249216
1134972014892877928712953364190483482895670224936 1461501637330902918203684832716283019655932542976
50942633119752846454219349998365661925838936186919512911559474955114538671724 26959946667150639794667015087019630673637144422540572481103610249216
41721293398188508013094755390858181145126097369099352530384710388793826574240 8
0 1
0 10000
0 100
76450787359836037641860180984291677750115073114495674247747968423601345520435 26959946667150639794667015087019630673637144422540572481103610249216
1134972014892877928712953364190483482895670224936 1461501637330902918203684832716283019655932542976
115792089237316195423570985008687907853269984665640564039457584007913129639935 1125313141414495202352946797929212344
2470825297464920466599010470225436929553324495326452801767888609331679846 105312291668557186697918027683670432318895095400549111254310977536
4238056678808933066457772256406219440741441792182984791456914465145261031584 26959946667150639794667015087019630673637144422540572481103610249216
0 1461501637330902918203684832716283019655932542976
0 10000
417223780715013227085836490829281552150151464294 1461501637330902918203684832716283019655932542976
76450787359836037641860180984291677750091397522905475181159483733428277763028 26959946667150639794667015087019630673637144422540572481103610249216
76450787359836037641860180984291677750311443591990390322257854300926766543207 26959946667150639794667015087019630673637144422540572481103610249216
16156842317565293874272834530371880721275451231497960236633518599303758123954 26959946667150639794667015087019630673637144422540572481103610249216
0 1
884872537252824581957161887790721951968361041323013668431410642670094 5192296858534827628530496329220096
5668285310938431071157402402417615 74588989136340062430
31863383372009293320163439741517891926029980193252 189917059873404920614722454365524
10047324 2304
500000000000000000000000000000000 533565344545081
7470313767581643911765383000000000000000000 1000000000000000000
93653013270634005697037298246789536531256000000 2700000
2999948081873080870516814467364264903238839000000000000 1000000000000000000
5999945480812793166000000000000000000 10386531201140
15916318199916810888643128687656555821168880 1300000000000
0 132289556918192
1000418407382370690186926393705258286 1000209181812669969
29858661138328503407875415809918890230216601813265867851431936 310437408251713128100630
115792089237316195423570985008687907853269984665640564039457584007913129639932 4
107031500522247919102609881005003396882677329035264 28534665544304756705
0 10000
99249305189326 1099511627776
0 10000
11760941993455666790259651640445 1
2313991005272760671454040527469081428480000 3105544411694
2470825297464920466620693308516878205247794363504675295866857466548296531 1766847064778384329583297500742918515827483896875618958121606201292619776
417223780715013227085836490829281552150151464294 1461501637330902918203684832716283019655932542976
0 6
199400000000000000000 997
76450787359836037641860180984291677750101564875551741798908977110150181214086 26959946667150639794667015087019630673637144422540572481103610249216
452605742496981553072602192357848351002889074530993516956571665680178480899 452312848583266388373324160190187140051835877600158453279131187530910662656
858139977568000 1000000
215784887235812677612737355446339282132980533973811893705040065665032 281474976710656
0 256
85461111420019538609252234337159934221972229183902255109265559303840202794160 308225208145315860833951666655095249648
16469600640108909952135 3
0 1461501637330902918203684832716283019655932542976
221576465561076944473680000 31536000000000000000
1694750651428292079000000000000000000 96335421149629709642521
481238279066400255 20282409603651670423947251286016
0 10000
452312909875020139480473224239083330359170092974476543744033453825314653943 452312848583266388373324160190187140051835877600158453279131187530910662656
2236207941919594943742888758670352490945645007391601823464597084238758255 1606938044258990275541962092341162602522202993782792835301376
0 4000000
115792089237316195423570985008687907853269984665640564039457584007913129639935 13530381847862016808301990252476198
96 32
46626798826139548000 1000
16156842317565293874272834530371880721161156741378181675440077086367999408932 26959946667150639794667015087019630673637144422540572481103610249216
76450787359836037641860180984291677750295635987503853932053654720091426285984 26959946667150639794667015087019630673637144422540572481103610249216
1134972014892877928712953364190483482895670224936 1461501637330902918203684832716283019655932542976
0 1
1041027630661828652916689651247132618770326654322 79228162514264337593543950336
115792089237316195423570985008687907853269984665640564039457584007913129639935 13177871007981307263890178222480741
86400 1
63781777 100000
86400000 1000
81 2
86400 1
63781836 100000
117461976 86400
0 47399895
0 10000
17508990286177506966472162802897435501 1000000000000000000
417653241161469769408023172767895954768843820804654428116221952 411376139330301510538742295639337626245683966408394965837152256
4960286174843432151050531616840400409649326709601 2227169992354295382165199
1134972014892877928712953364190483482895670224936 1461501637330902918203684832716283019655932542976
417653241161469769408023172767895954768843820804654428116221952 1208925819614629174706176
417653241161469769408023172767895954768843820804654428116221952 6277101735386680763835789423207666416102355444464034512896
417653241161469769408023172767895954768843820804654428116221952 1208925819614629174706176
417653241161469769408023172767895954768843820804654428116221952 6277101735386680763835789423207666416102355444464034512896
1134972014892877928712953364190483482895670224936 1461501637330902918203684832716283019655932542976
0 1
4669694921256038534107889737786155165810688 289626197721038183
0 1
2237028547817605037123768914044148720938057228085567350259053005439812090 105312291668557186697918027683670432318895095400549111254310977536
0 1
10142724 2304
16156842317565293874272834530371880721209011748223046729793807781215730087672 26959946667150639794667015087019630673637144422540572481103610249216
245246359777898242683887521502189982000 780
0 1461501637330902918203684832716283019655932542976
256 7
32486400 376
63925407 1
1304658900000000000000000000 100
1304658940 20071676
86400000 1000
117546720 86400
13046589000000000000000000 1000000000000000000
1999965432472983169684242152007446494459677030987826336022116645446486048 999991358080904409593695484972390532
186642523481335182644970261410380327 1000000000000000000
429765560976458577687363747525200867624345 5514729490467973400016127
288877930414691010086132871949062 1540642402458705
76450787359836037641860180984291677750316163719327401228956806888323506340100 26959946667150639794667015087019630673637144422540572481103610249216
50942633119752846454219349998365661925846669179256864881910274871975768177948 26959946667150639794667015087019630673637144422540572481103610249216
1134972014892877928712953364190483482895670224936 1461501637330902918203684832716283019655932542976
1123039923859215741581748871764357167182913121791237 340282366920938463463374607431768211456
76450787359836037641860180984291677750050157370418788748930502615208230039287 26959946667150639794667015087019630673637144422540572481103610249216
95783150200591541586769645344762646260104906200237249 1
14268743559566005051785914805764779888 1000000000000000000000000000
606666380915523595216397115130826797948676030623 340282366920938463463374607431768211456
452312848583267808480159365494241903109899892043559542850263802143033253007 309485009821345068724781056
198120000000000000000000000000 86400
0 1461501637330902918203684832716283019655932542976
48593293964693057000000000000000000000000000000000000 51203487500000000000000
0 1461501637330902918203684832716283019655932542976
154803636336241772368002620035112017133043712 17755392759995044
33869084071975504195494800783188927879632012854421 3368525047414189540485905
3383921796010522473561423000000000000000000 3368551721687244633813778
178211694502553061731857840985548633348475676492168 49536143351906443456417488
0 1
0 340282366920938463463374607431768211456
0 10000
8569103877831257059443032668107556522832061267 340282366920938463463374607431768211456
20224912400 10000
704016040376137525377643507845675413531463534320754047319649237316079549 1606938044258990275541962092341162602522202993782792835301376
76450787359836037641860180984291677750083317558440441606500013865887620598550 26959946667150639794667015087019630673637144422540572481103610249216
1134972014892877928712953364190483482895670224936 1461501637330902918203684832716283019655932542976
920000000000000000000000000 2
52 1
0 655414460000000000
385464770276402644863000000000000000000 1154216979573823079688
30506376731170529200679916 15253188365585264600339958
840276607032656785205850000 100
1154214432369787659857 3
47133843695686364996083376414190879217731522662 5601832437092739252419
4590140770559662262175882890409709448566876294 73267538220090959710717
76450787359836037641860180984291677750286485483839535036755106289618388253001 26959946667150639794667015087019630673637144422540572481103610249216
1134972014892877928712953364190483482895670224936 1461501637330902918203684832716283019655932542976
46645330 1
34801212554367547994248009078440998706752044 1300000000000
3384262083565165514202832773594964360380570 3368540120741084579165235
11346823794016247038845289716718125269931698176356 1128598707811015348126137
0 10000
0 1461501637330902918203684832716283019655932542976
0 0
502431836973406552287027000 1000000
100135927934651036221761091863598459016280340093518806505733968946410507326439 26959946667150639794667015087019630673637144422540572481103610249216
154132805440 80
115792089237316195423570985008687907853269984665640064039457584007913129639935 1101932374051157655258540151
1909879148864570930357079774860424947 379717
41832445594891089758043132510308530122805695998943361404646182617088000 8317607952629138133087225259015874384923
401189183493152723246585009477089801686638081941610523534163187859456 79280266808793906382161224920
0 753000000
1134972014892877928712953364190483482895670224936 1461501637330902918203684832716283019655932542976
4238056678808933066457772256406219440899683185874412484514553960654735079709 26959946667150639794667015087019630673637144422540572481103610249216
# MOD 400
93507617535546694680383302492294972107815722540 796208339282482657103836256113
196 4
742887043346556050052619621502820623348090 37858975473650073810212738691376
7965439907917860862197358110235280409387172 4294967296
5723957458868904781229937485380850754627903497 8957048960496116721445147342
321969 10
7965439907917860862197358110235280409387172 4294967296
7973010292680887908814502546296470285701022 4294967296
0 2
64055746452376970347903127431795025755065 323635417319594394071894452886672
441832071626127511828675857723120432754893 3387555681268610675788495
60218995362593086598025724114300948337816781741638737833847650383384305264271 100
0 2
207095 12
39 2
375354727995499111361313458683487058 4294967296
39235337562731576731150072263629214565575759 3326401214744602630415539
1235064221072792370912 768
18757199527650804228821395956292103329926327828480 2184155829
68 16
8084199131310544373732997446400419084238616 4294967296
368640931001652092480543307858778 4294967296
7990 7
102 16
3175797588743959306449112163243691430029 4294967296
8080562241904380174376342053857760795350835 4294967296
5 50
834548642184273727523226404922198753361993 3337247340541351959724032
94154252301197096488971820611850643428318588418316 3258952224627328664074528
8507166127883104185387349445260538654533465 4294967296
312473261522209000000000000000000 1092289419188
8510144008234991025258285107886368978103113 4294967296
8518232081872589854104156863512181163556966 4294967296
1645441 12
210839751923919979747583355843714404237258951 4294967296
5 1
1298361222166859036772099761700144152793212 4294967296
163068597930536240506243606812333178678111074506767963495858176 13358914364094846387382734841848424134725828773459692
21708734403323422139022623831888 4294967296
98 180
23390024661647853241914102263476629799 4294967296
17 56
36500965265167999038819294511759 4294967296
2 10
8600396761161437186032637138627560254759251 4294967296
222492399449440663417386308056910670216954819 3128626430382575512605044
1165351520391026327712828552061388181904092575633 8201725503576199089080986540204
102 16
13458191196621481493984005200475904 4294967296
178079306 10
2177994119 6
1039147300 6
1312525297265413757084092394446673627237 4294967296
1 1
4558999982695282663988617899250145921167224878433937966771364296063369918793 21888242871839275222246405745257275088548364400416034343698204186575808495617
52311797361066275520266196313177294693285535102115710 153009534588562413541816
8276004135539692230340335213846761711603902 4294967296
2684 8192
8276004135539692230340335213846761711603902 4294967296
30145 30000
43 76
8928137345957555280477198759637852397 4294967296
1 1
68 16
343669867735812838548166015491222781 1965119179665567879167258574035
3403337854617269327391117462354142 4294967296
1702231419856329416188857398274049409663 4294967296
160531440364423667457782091789730537479737219 94492865605964526425691
763120688880287757802846181266091555620001925 95442486975492068239019
0 10
5929727447919540566202231004793469643 4294967296
22 51
61366416936788255666890048473576 4294967296
13890238839440342968672458164017665 4294967296
4216 10
21 50
1100221089826654519573270528122693680171119 4294967296
10000 10
100000000 10
14000000000000 10
71251598679524429592349438655129867598722234587491 893646260438835915061873803150185
2367948923517445522511658470670496130 4294967296
68 16
2929825856273817643253056046037861549539 1932033138166924161050835319122210
1781366087 21600
1780289041886453911050810263791110983062128 1000000000000000000000000000
1100000000677436224555446864556298396 1000000000000000000000000000
0 2
311032177389540268721040581835401390475857441237611673812992 914195035040088638427786389
348 360
7428371948548665607401635235248783251976097063743723067234411143077814010452 21888242871839275222246405745257275088548364400416034343698204186575808495617
514616855370000170797936086830599878869988562408556046821208370238375294231 21888242871839275222246405745257275088548364400416034343698204186575808495617
9122085448636908867394575745829526727516141708009277949459165748255805252515 21888242871839275222246405745257275088548364400416034343698204186575808495617
1807431070458099601186433237432056079 21888242871839275222246405745257275088548364400416034343698204186575808495617
10271189261965661671958111848337757193540866516585060385085326744192630758225 21888242871839275222246405745257275088548364400416034343698204186575808495617
10856751189384194729229398495486976928899233522071489029635144800390132242280 21888242871839275222246405745257275088548364400416034343698204186575808495617
34530387009013436512871642820783658246 21888242871839275222246405745257275088548364400416034343698204186575808495617
31365830967024264841 21888242871839275222246405745257275088548364400416034343698204186575808495617
37708425023334024326300499045214899737 21888242871839275222246405745257275088548364400416034343698204186575808495617
13435301825827327540952780915897043113170244462401630311050013259711335859535 21888242871839275222246405745257275088548364400416034343698204186575808495617
14190684025869162255246444399279046566658881699554381853491191647272466106014 21888242871839275222246405745257275088548364400416034343698204186575808495617
14970135231845446222251733969445131596249017392049915479670561948255475223790 21888242871839275222246405745257275088548364400416034343698204186575808495617
15635781632995684357522727032352800475021106329785842121864541945074517916710 21888242871839275222246405745257275088548364400416034343698204186575808495617
16698231594045682494818441561770753801318264196024023996968360594419568432167 21888242871839275222246405745257275088548364400416034343698204186575808495617
17387323859882227060746698511711714052426332201239931022551480360041995773068 21888242871839275222246405745257275088548364400416034343698204186575808495617
52746262562263380526711776097326911768 21888242871839275222246405745257275088548364400416034343698204186575808495617
19009744587271121019938535936200454892646679482875610265393927745627959437369 21888242871839275222246405745257275088548364400416034343698204186575808495617
19522404938131504561868660863082780179100325296886209893762431990181070230247 21888242871839275222246405745257275088548364400416034343698204186575808495617
19943991330000284665375461168334594304046648893049934586303151315636223489679 21888242871839275222246405745257275088548364400416034343698204186575808495617
20816697373622954340589577283776935066038040385971819118891194378611300490965 21888242871839275222246405745257275088696311157297823662689037894645226208583
62997248761259735889416881032978773004 21888242871839275222246405745257275088548364400416034343698204186575808495617
25123820369952096489830357260737466782336116510515263352571267966193277424713 21888242871839275222246405745257275088548364400416034343698204186575808495617
85594124018639288928890906683783042254 21888242871839275222246405745257275088548364400416034343698204186575808495617
2061105688412709792932168898097629204562758134637647901182184701627161298989 21888242871839275222246405745257275088548364400416034343698204186575808495617
114570334928015790768654758855476730631 21888242871839275222246405745257275088548364400416034343698204186575808495617
124829841913314926714901958954880945299 21888242871839275222246405745257275088548364400416034343698204186575808495617
3046820606159910519767565286246892092760255583447845053943280288404458583474 21888242871839275222246405745257275088548364400416034343698204186575808495617
138557387674232084804 21888242871839275222246405745257275088548364400416034343698204186575808495617
65972247076868789481238727498014559816786321639255061682675429601784786479912 21888242871839275222246405745257275088548364400416034343698204186575808495617
4595383088734431638575033053791810175062495476548124365743440402750901444131 21888242871839275222246405745257275088548364400416034343698204186575808495617
4972720093225862700600803713604743802853658770141735573076766428182947250104 21888242871839275222246405745257275088548364400416034343698204186575808495617
5282664224220830552229896644250009055589932711718830188417699984670610358371 21888242871839275222246405745257275088696311157297823662689037894645226208583
5926548228393176323319699532044667441350391312801532378794404384069846463587 21888242871839275222246405745257275088696311157297823662689037894645226208583
6301374059308438499136165982679990163122262952112712676620685727285617498595 21888242871839275222246405745257275088548364400416034343698204186575808495617
6870661494397071060882025025967235444814524657725346882630281740735847553359 21888242871839275222246405745257275088696311157297823662689037894645226208583
8329554198065101880525019090396260894667014 4294967296
13158120005957623491851993245985294 4294967296
47984155204853663676539761119936096942920868237195 6755481563146887260038807302548
362656192151894658282442133115080521536525 3227852996523818531459471
1228575825665374115990719623862766079286657 4294967296
1039147300 6
18726146469815330599271585506348418268 4294967296
2880935316043645440449149425241868 4294967296
107536826397982414308404316284524356281 4294967296
3867559782 6
1402002062147434278624 768
680781760584661903776 768
944637614576280091460753537518434204732761117 11770877570976283514798
235992108818853684113677690102866057727466 1945095493402239525252232223062766
19937000000000000000000000000000000000 1175206645442815376189443078
0 2
0 2
1302803238689258502358633978919598381524407 79228162514264337593543950336
19 8
20 8
25 8
27 8
32 8
19233984491333169356395134634442853927679476111498621833850974133863938847320 3427
1576846614574186145329713008424095603260320447167240460834946544494984656589 3418
35218904166471802990398855851338520757301071980882885871224677190687084084500 3415
55658843895862030878175602354679433837858172068792569584060901503905427469960 3412
76325249806126647685577971272613837296706148312621610276661012887989073067526 3419
5485170431927788306900802463187651978583866608892802024019905785674645080332 3437
101719572605451558710098397501668578109746027160930765124790796512196989882836 3442
15 8
47 16
2324187009913221273152309934508520359627163383046 440829583327815840930697724
369039313879870739424 768
7980986891785129191554389228469749963332150 4294967296
14884227839916742071737580843239462480 1000000000000000000000000000
0 2
19 2
1 2
38 2
2353784474026683011608405229781619123 4294967296
84555 65
84566 65
84578 65
20 8
29 8
40 8
32358580065466608154234199947996913806174380715583660885265141408318610637393 21888242871839275222246405745257275088548364400416034343698204186575808495617
53911157448794506382538117779557156656214035600467016326730125490205528738987 21888242871839275222246405745257275088548364400416034343698204186575808495617
73032886948770909877266111535142026172485045003275925512686194661873538096626 21888242871839275222246405745257275088548364400416034343698204186575808495617
97168737293336725266541263390538987541495365999005775522143499576821467582490 21888242871839275222246405745257275088548364400416034343698204186575808495617
1 1
9 2
115792089237315642028843908662709401199220048582021017329120478565324294602435 1151855090319837264102681716095836516940822612
485332085793067048128 768
72191924552026057509837987426529724913960066101574525618473754768956293883411 440
14275360144686631369180120761430211 4294967296
86088083644465568251352049734915395948159812130097018652599141123120627888803 446
68 16
54029753580024682899578930218019968520039590367748053166606044468089032161116 444
1 1
4389097669423384795494809916628367378702792733080 1525815940231588696272682668
8116599064534832912405596291101003579581971 4294967296
214 3
76020461271500125507785593870175531300509230679 810487903552215852084543451758
446531905825460315507632742854773427685180768 4294967296
68 16
69606301956802731730460140673118688545 4294967296
3153543306 21
59 300
8253690177451514625081186068209199867114993 4294967296
253095653816721143255958450463579232936837 3267696687565764629550107
8528038829942226175969818291835925930112 4294967296
0 8
88393 65
1 2
31 8
2 8
6 8
91017649181313635951247181512302988490675991702184038957058355381242239917456 48
68 16
535687580337121973333504853837812773647559583282893678444544 1574921702224571722134278098
465 723
14141100082101471422204339132705620 4294967296
328974018225654172775455017224620 4294967296
0 340282366920938463463374607431768211456
2483328241 47
291 360
315113158847488105096404023219561730767434911215116 1168174183390771851560927918953
1450918284046210864889491458012135668143627106 4294967296
102 16
12401043775170404479976857089802491348024380960846 298976831360281763874015590
24444553493640830186412115422861740739 4294967296
68 16
8099167993201066054981407865496834511722618 4294967296
102 16
369576442975238994778826769387971390819201 3329614780308649015144020
2284223055858628287765018771702510459 4294967296
1 1
293534425021151195376378096355968760277558596071 69431344990878141078527168739
1222338644258412551328 768
787329502921507160383422323256769155368784049 38151675762695340379291
68 16
17967895676483637626169816267556420101345970 130517613433338817289511
141519753339562751128844205672038497021491243 3325403493930993111058497
35674150617137189360696485379036916196609182 530857454999930286405803019229879261
1191315900644047029195572392046329592 4294967296
637805573766476800000 99975
173405827263129600000 99900
1 1
2177994119 6
8645238770010373051923846069015630026091 4294967296
174 3
1 1
8253473175795954502012537808352184597009383173208 1000000000000000000000000000
340213870920980684659657998193087067789089997 4294967296
2211919528642955613465736336770628038618285 403602893291389219620408156762121
17039685513176957450015805124444526800710471098688 370685996649019797768506847
16879081892079174844948319747054724770630205440 31480954942936294128944
8102408146380823555356967311854036588540626 4294967296
13 41
41963683878 999826
34682852347910405609838010173324130679851552762682677237810296873191346115495 21888242871839275222246405745257275088548364400416034343698204186575808495617
214 3
8108081533872613517072067399662645498394009 4294967296
53 96
144 96
22058791785451878171043662865094469032102860 4294967296
3328247383 6
453588913581290633304626053577082904328672240108 1490477422101011031250386028
181 600
212 3
473258256377668712903889165623173641966799826179 387126250199930345938248613
89 59
1878014082340979005764220417988674712251397 4295128740
34 120
296724111789257931244169650087517490277156 3329437179594218248255869
10200100652823569229420250976357247498854982483968 601419137643503345
1217066666817534706781066728388427776 4778936563840633
169259153481009330737228857247530884159422934 13311420205868608397689
195 59
24039257467106510439144092917488154808984766 1972723634911723930653440448538731
1376683341010728758570007848564554414404332785041836 171433008539253222554574933565267
0 2
1261666967730653414745627849773810763151890696878114 171433008539253222554574933565267
110367144203392898670033811228759438470931436527 17082827615962431875578174855
5155093473641698984606375782629509204 4294967296
100 100
441254354 6
19339393932491207340551060172945522839 1941702903970064241913548961067
8456712473412670926148474989670123412 4294967296
8463469023761245967384166993862634909401564 4294967296
1093349743609828816944009952503677821829566768206434 171433008539253222554574933565267
19728606359196636225987212033874699965330207 12649590950396838894172
337908826111852123199316532453754396402 4294967296
324838483916242008684677969041428509674 4294967296
4625742861864648725657000136885950966822600704 1004324189414286585286346
102 16
1039147300 6
4689446590792298095425477728688547735155567 79051814941277217372015858469
1039147300 6
2114861406 6
373445140474002540178321904289853379375 4294967296
338263798959056286632819987264007035888 4294967296
324594958562791795981746128150829493148 4294967296
7990 7
338788488142496146179132690794031693273 4294967296
338060911696140122792551697933776753475 4294967296
4845589422178389953674582225902835748433348740 75633540723371397271603414493
4845589380866448299897117834412906607219517946 75633541368198758014548318273
511656454955963601932629444612526230995013 3123099437267015792808753
21200297415061856964631251052917592 4294967296
16901 10000
34325965376056481075022127311619419783 79351055238886287249021387666
8639183812682475950232903893585570658005010 4294967296
1762945971954118334744571094426623632877 81376007833658338500416787058
340486587390252222464608584677004303104 4294967296
13399108187393667933558057296142965 4294967296
1039147300 6
8576779339757213811470689140189059025734925 4294967296
16283941049821899153464070833962265506326255 1996338092832894088404865604125502
98623974244082072601326639408215705098217 1996950111548557475329217013662889
2419485136614726335633018625016799806965580605 169439365534795116248398
9931953867378291759723989832085246479304012166257 515397028718417849111516640603249
8574206820476292102730630576994312806518697 4294967296
8731689696347349716231225539724285791 4294967296
340487037484443744685390664503799 4294967296
29772084309582716922242282230596531434 79275273608817809541194613951
80 150
1726526981367790960945537644616169359484087572724638 171433008539253222554574933565267
18 8
96923 65
96935 65
96946 65
28 8
41 8
4 2
6 2
68799903041722507971724432467123001770032063192731387553192886211782126844898 21888242871839275222246405745257275088548364400416034343698204186575808495617
12 8
1664 32
2083029000618442622736589219828656657188989 1993755400586029797394400329693345
1802791793081006564586737834771970570500042 4294967296
16345554220313371431050527875840909163990796533702 13254280554797302319613234854242
2735559839117511388513512349528491731707856633550 7092383539953956397867744624640
21 8
98393 65
27 8
39 8
3 8
9 8
6533 7200
1 1
22828898182000000000000 1195132389042
13516858904748454260564870756176434 4294967296
287661419936889241058019455187702523964 4294967296
1 2
3 2
1 1
49141291530970354729131043967110736354960732671 535163339530758071072816207
4181761123912699568102124719028568108264621 3136143775160107253495556
0 10381556229948395412075815840994388781814
96479975583115644812042234614617404706203075681308201 4294967296
2036204225897617278976217575559661341884007998 20567719453511285646224419955757
2660437360293166479745194223044828147835938446893 187501733336693977251220760615041
8327061335322178309752755561284875288921 4294967296
7483018609402988267903587737617339178070893701810701457529576211633491935232 1995943357871312410276102916865030
6438 8192
582949271730433321906757726742879 4294967296
23091594590950782270717793712020630467513359 1992548840845217958503620784978728
8577637017691189532851836209103077794020696 4294967296
68 16
8575933084218635926841622763625843769 4294967296
21062826132636162944000476267371529386 3236497453693973162114422235
68 16
20 32
6443 8192
8569921002897039798052453488475332351208589 4294967296
509945682845572397488023042135806835837478065 4294967296
128 32
68 16
10939445336572481754599768859342777006749554956263 426856947888235996396016
137 200
17345393946996662730268028142205794705628519 1989583015874584588016250893938103
4402 112
99639 65
1 2
35 8
45 8
8 8
182793 10
315 105
8214996213122934976763846931806233041189 4294967296
78006662042068573663828899543513233328 1000000000000000000000000000
168840872690606235608481477878488983 1000000000000000000000000000
1 1
1388934189082291854052737008388512013404158669703114930921739431556937686929 21888242871839275222246405745257275088696311157297823662689037894645226208583
68 16
59430020604634304740672561114170610654956482792802299226248144725178104270515 21888242871839275222246405745257275088548364400416034343698204186575808495617
30274 30000
1637787654 24
1739429577991567392386813660094135866214477 84715024336481117471097
260 52
209 3
13 10
141612844569332823844994276360633843946272913 13965917944681661638809
0 340282366920938463463374607431768211456
244 3
10485042862079180723926219263579221809 4294967296
820108547401511492180 100000000
2609558287208448052120496144557354189 5029610895110907337575810918674
3 3
109698972539054235654091389716904768625000876473713787545549877018624 5032736450585277784996555193587
411641936737167070802483349302489401 5029743595531859069667883647191
13985008598511352593389627513784974199 5029743595531859069667883647191
